 3 
 0 
 0 
 0 
 0 
 0 
 3 
 0 
 0 
 0 
 0 
 0 
 3 
 0 
 3 
 0 
 0 
 0 
 0 
 3 
 0 
 0 
 0 
 0 
 3 
 0 
 0 
 0 
 3 
 0 
 0 
 0 
 3 
 0 
 0 
 0 
 3 
 0 
 0 
 0 
 0 
 0 
 3 
 0 
 0 
 3 
 0 
 0 
 3 
 0 
 0 
 0 
 0 
 0 
 0 
 0 
 3 
 0 
 3 
 0 
 3 
 0 
 0 
 0 
 0 
 0 
 0 
 0 
 0 
 0 
 3 
 3 
 3 
 0 
 0 
 0 
 0 
 0 
 14 
 14 
 14 
 14 
 14 
 14 
 3 
 14 
 14 
 14 
 14 
 14 
 14 
 0 
 0 
 0 
 0 
 0 
 3 
 3 
 3 
 0 
 0 
 0 
 0 
 0 
 0 
 0 
 0 
 0 
 3 
 0 
 3 
 0 
 3 
 0 
 0 
 0 
 0 
 0 
 0 
 0 
 3 
 0 
 0 
 3 
 0 
 0 
 3 
 0 
 0 
 0 
 0 
 0 
 3 
 0 
 0 
 0 
 3 
 0 
 0 
 0 
 3 
 0 
 0 
 0 
 3 
 0 
 0 
 0 
 0 
 3 
 0 
 0 
 0 
 0 
 3 
 0 
 3 
 0 
 0 
 0 
 0 
 0 
 3 
 0 
 0 
 0 
 0 
 0 
 3 
